19.0
33.0
17.0
15.0
51.0
46.0
59.0
31.0
31.0
51.0
21.0
37.0
17.0
54.0
59.0
50.0
51.0
30.0
39.0
38.0
58.0
81.0
14.0
31.0
39.0
34.0
30.0
65.0
73.0
28.0
42.0
28.0
34.0
20.0
34.0
54.0
52.0
30.0
40.0
33.0
14.0
16.0
17.0
48.0
48.0
33.0
39.0
39.0
39.0
17.0
37.0
39.0
33.0
23.0
29.0
79.0
47.0
32.0
26.0
16.0
25.0
18.0
18.0
22.0
34.0
14.0
31.0
70.0
36.0
78.0
24.0
34.0
28.0
14.0
16.0
39.0
21.0
44.0
56.0
28.0
34.0
24.0
18.0
80.0
38.0
35.0
13.0
32.0
20.0
23.0
53.0
65.0
44.0
26.0
31.0
38.0
30.0
38.0
74.0
22.0
73.0
52.0
38.0
89.0
26.0
15.0
37.0
60.0
39.0
27.0
75.0
35.0
14.0
38.0
62.0
25.0
50.0
37.0
60.0
37.0
29.0
26.0
38.0
40.0
30.0
30.0
33.0
40.0
26.0
39.0
83.0
35.0
59.0
35.0
69.0
53.0
20.0
38.0
57.0
53.0
34.0
78.0
35.0
30.0
31.0
84.0
27.0
42.0
22.0
30.0
15.0
19.0
35.0
51.0
34.0
20.0
39.0
26.0
28.0
33.0
46.0
57.0
54.0
17.0
33.0
36.0
55.0
70.0
23.0
60.0
28.0
47.0
16.0
21.0
21.0
57.0
45.0
48.0
18.0
25.0
15.0
58.0
47.0
26.0
27.0
41.0
53.0
45.0
90.0
30.0
21.0
23.0
21.0
62.0
51.0
56.0
27.0
58.0
68.0
82.0
22.0
67.0
25.0
36.0
72.0
32.0
33.0
75.0
102.0
26.0
67.0
42.0
23.0
41.0
23.0
54.0
59.0
17.0
22.0
74.0
44.0
77.0
30.0
25.0
37.0
48.0
29.0
22.0
19.0
46.0
38.0
52.0
42.0
50.0
43.0
37.0
28.0
37.0
60.0
14.0
33.0
32.0
26.0
48.0
70.0
51.0
53.0
53.0
34.0
26.0
62.0
71.0
75.0
11.0
46.0
38.0
74.0
34.0
30.0
51.0
31.0
70.0
59.0
29.0
29.0
77.0
20.0
31.0
42.0
55.0
34.0
69.0
21.0
14.0
32.0
36.0
31.0
45.0
71.0
74.0
43.0
27.0
46.0
40.0
67.0
26.0
78.0
56.0
28.0
16.0
30.0
41.0
49.0
27.0
20.0
53.0
34.0
29.0
48.0
42.0
47.0
32.0
25.0
46.0
48.0
52.0
84.0
44.0
44.0
29.0
50.0
35.0
74.0
49.0
51.0
58.0
49.0
55.0
22.0
67.0
21.0
31.0
29.0
90.0
36.0
26.0
19.0
35.0
31.0
43.0
43.0
49.0
16.0
43.0
29.0
47.0
33.0
19.0
48.0
37.0
28.0
31.0
34.0
28.0
55.0
53.0
49.0
29.0
47.0
31.0
43.0
28.0
42.0
47.0
77.0
26.0
31.0
31.0
42.0
39.0
37.0
44.0
36.0
43.0
32.0
25.0
92.0
74.0
18.0
53.0
25.0
82.0
24.0
24.0
44.0
26.0
27.0
49.0
27.0
20.0
79.0
20.0
28.0
21.0
27.0
35.0
30.0
70.0
64.0
23.0
55.0
17.0
46.0
16.0
28.0
26.0
46.0
33.0
44.0
83.0
69.0
31.0
28.0
50.0
25.0
88.0
39.0
21.0
31.0
56.0
70.0
47.0
68.0
82.0
20.0
68.0
50.0
25.0
38.0
14.0
22.0
57.0
38.0
29.0
52.0
50.0
90.0
28.0
54.0
37.0
20.0
30.0
33.0
13.0
20.0
52.0
48.0
90.0
29.0
86.0
28.0
66.0
24.0
23.0
87.0
28.0
30.0
27.0
62.0
18.0
31.0
89.0
35.0
60.0
17.0
24.0
87.0
60.0
70.0
55.0
29.0
32.0
30.0
53.0
37.0
45.0
26.0
70.0
47.0
29.0
92.0
30.0
22.0
44.0
26.0
14.0
14.0
57.0
41.0
62.0
74.0
37.0
24.0
47.0
20.0
17.0
56.0
43.0
40.0
14.0
34.0
58.0
90.0
39.0
47.0
34.0
35.0
32.0
53.0
30.0
58.0
43.0
80.0
31.0
50.0
27.0
33.0
49.0
46.0
49.0
26.0
71.0
23.0
43.0
47.0
23.0
35.0
26.0
36.0
21.0
23.0
41.0
22.0
20.0
23.0
25.0
71.0
43.0
34.0
37.0
14.0
85.0
43.0
49.0
67.0
35.0
30.0
48.0
41.0
69.0
33.0
60.0
20.0
43.0
55.0
78.0
47.0
42.0
42.0
20.0
51.0
16.0
21.0
17.0
89.0
40.0
35.0
42.0
60.0
40.0
63.0
57.0
60.0
70.0
89.0
43.0
39.0
32.0
46.0
69.0
25.0
36.0
16.0
72.0
73.0
50.0
36.0
40.0
55.0
50.0
60.0
25.0
64.0
38.0
70.0
29.0
21.0
15.0
41.0
70.0
43.0
77.0
38.0
56.0
74.0
23.0
23.0
41.0
49.0
35.0
32.0
34.0
56.0
17.0
60.0
63.0
19.0
26.0
44.0
50.0
31.0
16.0
73.0
32.0
21.0
36.0
30.0
58.0
24.0
43.0
67.0
34.0
39.0
35.0
65.0
43.0
34.0
61.0
23.0
80.0
28.0
46.0
16.0
47.0
34.0
61.0
53.0
14.0
16.0
60.0
34.0
20.0
45.0
19.0
38.0
73.0
37.0
35.0
36.0
35.0
82.0
35.0
53.0
67.0
34.0
25.0
34.0
83.0
47.0
26.0
54.0
35.0
40.0
53.0
34.0
37.0
31.0
45.0
31.0
16.0
66.0
33.0
27.0
38.0
15.0
34.0
39.0
23.0
23.0
42.0
28.0
34.0
43.0
36.0
36.0
21.0
44.0
67.0
47.0
26.0
43.0
71.0
24.0
35.0
19.0
54.0
14.0
39.0
14.0
54.0
44.0
53.0
29.0
40.0
27.0
52.0
38.0
46.0
32.0
48.0
28.0
22.0
53.0
22.0
17.0
65.0
36.0
41.0
51.0
34.0
98.0
65.0
34.0
28.0
43.0
32.0
33.0
52.0
15.0
43.0
36.0
44.0
50.0
28.0
77.0
47.0
78.0
44.0
39.0
91.0
34.0
78.0
15.0
42.0
73.0
40.0
39.0
37.0
23.0
42.0
24.0
22.0
45.0
52.0
35.0
39.0
38.0
44.0
37.0
33.0
29.0
91.0
34.0
32.0
52.0
30.0
26.0
34.0
40.0
38.0
69.0
60.0
68.0
38.0
42.0
78.0
26.0
35.0
39.0
17.0
30.0
30.0
48.0
11.0
32.0
33.0
38.0
30.0
47.0
57.0
29.0
35.0
12.0
24.0
48.0
51.0
67.0
38.0
76.0
32.0
25.0
36.0
55.0
29.0
31.0
35.0
55.0
70.0
25.0
33.0
44.0
79.0
33.0
67.0
26.0
36.0
23.0
16.0
42.0
30.0
33.0
29.0
34.0
13.0
42.0
29.0
28.0
28.0
31.0
44.0
31.0
29.0
47.0
24.0
52.0
49.0
42.0
38.0
26.0
51.0
67.0
43.0
37.0
52.0
52.0
25.0
26.0
37.0
31.0
22.0
68.0
30.0
27.0
48.0
42.0
40.0
77.0
42.0
41.0
30.0
20.0
21.0
47.0
25.0
43.0
47.0
37.0
48.0
35.0
37.0
73.0
33.0
53.0
50.0
56.0
33.0
37.0
45.0
32.0
60.0
52.0
37.0
34.0
25.0
15.0
40.0
21.0
42.0
26.0
44.0
55.0
46.0
83.0
13.0
45.0
56.0
22.0
24.0
42.0
11.0
31.0
21.0
42.0
37.0
32.0
55.0
22.0
41.0
49.0
48.0
45.0
29.0
46.0
50.0
19.0
86.0
46.0
26.0
43.0
56.0
25.0
38.0
80.0
77.0
91.0
13.0
34.0
70.0
37.0
53.0
42.0
32.0
19.0
34.0
17.0
33.0
18.0
24.0
79.0
54.0
40.0
79.0
35.0
23.0
14.0
40.0
36.0
17.0
36.0
27.0
37.0
33.0
31.0
77.0
24.0
22.0
13.0
40.0
37.0
37.0
17.0
26.0
73.0
34.0
30.0
48.0
71.0
68.0
33.0
35.0
19.0
37.0
36.0
37.0
54.0
77.0
62.0
62.0
15.0
34.0
36.0
21.0
26.0
17.0
61.0
40.0
53.0
41.0
64.0
32.0
24.0
35.0
31.0
16.0
22.0
30.0
38.0
30.0
55.0
31.0
55.0
31.0
49.0
71.0
20.0
33.0
36.0
35.0
38.0
21.0
57.0
41.0
43.0
29.0
30.0
23.0
34.0
23.0
44.0
35.0
28.0
25.0
35.0
25.0
33.0
91.0
35.0
39.0
31.0
28.0
41.0
44.0
36.0
24.0
58.0
43.0
49.0
22.0
17.0
74.0
33.0
84.0
18.0
34.0
32.0
23.0
21.0
55.0
29.0
49.0
75.0
34.0
54.0
14.0
47.0
33.0
26.0
49.0
35.0
29.0
17.0
78.0
35.0
36.0
52.0
33.0
52.0
38.0
41.0
81.0
31.0
45.0
38.0
34.0
44.0
36.0
22.0
58.0
31.0
65.0
28.0
37.0
41.0
33.0
30.0
33.0
32.0
65.0
70.0
60.0
77.0
28.0
34.0
54.0
56.0
34.0
44.0
39.0
34.0
75.0
13.0
52.0
31.0
87.0
51.0
80.0
46.0
32.0
50.0
50.0
37.0
60.0
50.0
31.0
57.0
31.0
59.0
75.0
30.0
36.0
13.0
49.0
32.0
39.0
32.0
45.0
29.0
61.0
74.0
28.0
50.0
18.0
49.0
29.0
19.0
48.0
26.0
21.0
22.0
44.0
43.0
73.0
27.0
45.0
30.0
27.0
30.0
46.0
49.0
53.0
57.0
27.0
25.0
16.0
24.0
34.0
42.0
72.0
26.0
15.0
49.0
26.0
26.0
38.0
45.0
33.0
33.0
34.0
38.0
36.0
30.0
23.0
50.0
44.0
67.0
26.0
58.0
37.0
29.0
19.0
57.0
45.0
35.0
55.0
37.0
55.0
51.0
41.0
54.0
62.0
41.0
19.0
23.0
23.0
28.0
19.0
38.0
52.0
34.0
44.0
31.0
40.0
39.0
55.0
19.0
33.0
33.0
60.0
27.0
17.0
33.0
22.0
36.0
35.0
57.0
33.0
48.0
40.0
80.0
22.0
27.0
28.0
28.0
48.0
56.0
14.0
39.0
22.0
26.0
24.0
41.0
83.0
28.0
40.0
37.0
22.0
22.0
40.0
22.0
44.0
51.0
47.0
43.0
30.0
14.0
20.0
45.0
21.0
19.0
61.0
69.0
15.0
23.0
29.0
43.0
16.0
54.0
33.0
34.0
28.0
32.0
72.0
50.0
37.0
45.0
45.0
37.0
43.0
42.0
54.0
16.0
22.0
47.0
89.0
26.0
53.0
30.0
18.0
37.0
34.0
32.0
38.0
35.0
18.0
24.0
53.0
54.0
37.0
82.0
19.0
97.0
20.0
23.0
24.0
73.0
70.0
38.0
72.0
23.0
59.0
19.0
34.0
18.0
36.0
33.0
54.0
34.0
39.0
36.0
38.0
37.0
29.0
60.0
58.0
36.0
45.0
74.0
66.0
78.0
44.0
25.0
49.0
45.0
25.0
19.0
51.0
33.0
58.0
66.0
76.0
37.0
48.0
66.0
39.0
53.0
33.0
33.0
32.0
51.0
77.0
20.0
50.0
27.0
15.0
39.0
49.0
18.0
30.0
24.0
24.0
39.0
50.0
84.0
29.0
59.0
76.0
21.0
42.0
35.0
45.0
57.0
52.0
35.0
68.0
23.0
64.0
60.0
12.0
65.0
17.0
63.0
32.0
87.0
45.0
28.0
28.0
27.0
23.0
54.0
31.0
49.0
13.0
52.0
25.0
41.0
60.0
26.0
59.0
78.0
54.0
54.0
27.0
29.0
40.0
24.0
25.0
55.0
25.0
26.0
16.0
15.0
45.0
16.0
32.0
25.0
51.0
29.0
49.0
78.0
21.0
47.0
51.0
50.0
23.0
59.0
80.0
16.0
35.0
56.0
29.0
28.0
29.0
57.0
37.0
26.0
44.0
63.0
52.0
16.0
33.0
28.0
27.0
28.0
63.0
52.0
26.0
89.0
28.0
25.0
29.0
33.0
31.0
32.0
27.0
34.0
21.0
44.0
73.0
37.0
54.0
29.0
20.0
41.0
77.0
38.0
70.0
43.0
43.0
82.0
22.0
37.0
68.0
58.0
55.0
61.0
39.0
31.0
49.0
25.0
43.0
42.0
60.0
35.0
35.0
28.0
62.0
27.0
28.0
44.0
78.0
34.0
30.0
22.0
52.0
28.0
23.0
45.0
15.0
59.0
22.0
52.0
30.0
44.0
56.0
13.0
42.0
19.0
54.0
20.0
12.0
60.0
30.0
39.0
69.0
78.0
60.0
72.0
25.0
32.0
69.0
30.0
55.0
51.0
57.0
62.0
14.0
44.0
63.0
28.0
47.0
35.0
30.0
23.0
15.0
26.0
47.0
47.0
54.0
35.0
71.0
77.0
70.0
33.0
47.0
22.0
42.0
53.0
48.0
38.0
33.0
41.0
22.0
58.0
83.0
60.0
26.0
40.0
72.0
20.0
33.0
30.0
29.0
39.0
53.0
53.0
31.0
34.0
59.0
34.0
55.0
76.0
56.0
40.0
18.0
44.0
30.0
60.0
20.0
35.0
39.0
19.0
45.0
35.0
75.0
73.0
69.0
32.0
32.0
42.0
39.0
20.0
86.0
47.0
29.0
64.0
29.0
65.0
26.0
39.0
50.0
33.0
46.0
39.0
27.0
38.0
30.0
29.0
41.0
37.0
91.0
58.0
56.0
31.0
21.0
42.0
44.0
29.0
46.0
95.0
13.0
25.0
58.0
29.0
54.0
39.0
48.0
33.0
83.0
36.0
37.0
56.0
50.0
27.0
47.0
52.0
55.0
37.0
42.0
23.0
38.0
48.0
42.0
20.0
49.0
18.0
76.0
87.0
86.0
25.0
34.0
26.0
27.0
24.0
90.0
31.0
48.0
75.0
37.0
54.0
37.0
30.0
58.0
41.0
24.0
22.0
33.0
65.0
49.0
31.0
41.0
49.0
22.0
33.0
38.0
28.0
61.0
63.0
52.0
29.0
70.0
34.0
24.0
16.0
25.0
31.0
44.0
18.0
35.0
38.0
13.0
70.0
22.0
26.0
39.0
30.0
23.0
26.0
39.0
78.0
14.0
86.0
25.0
36.0
39.0
61.0
42.0
79.0
52.0
29.0
88.0
44.0
67.0
24.0
22.0
47.0
45.0
84.0
36.0
19.0
33.0
58.0
21.0
69.0
28.0
75.0
22.0
34.0
86.0
25.0
69.0
56.0
44.0
28.0
56.0
42.0
46.0
33.0
18.0
64.0
56.0
25.0
29.0
51.0
26.0
29.0
13.0
78.0
56.0
36.0
31.0
45.0
69.0
57.0
62.0
38.0
81.0
26.0
24.0
65.0
35.0
65.0
37.0
72.0
35.0
26.0
44.0
34.0
34.0
44.0
77.0
51.0
36.0
87.0
29.0
51.0
35.0
50.0
52.0
36.0
24.0
26.0
24.0
52.0
53.0
30.0
35.0
35.0
39.0
31.0
36.0
32.0
52.0
23.0
89.0
28.0
44.0
23.0
29.0
75.0
46.0
22.0
18.0
44.0
34.0
31.0
36.0
78.0
33.0
25.0
24.0
42.0
54.0
18.0
50.0
28.0
55.0
47.0
19.0
60.0
21.0
55.0
55.0
26.0
55.0
27.0
56.0
49.0
74.0
27.0
26.0
45.0
34.0
22.0
66.0
31.0
52.0
33.0
79.0
33.0
20.0
78.0
22.0
45.0
83.0
37.0
62.0
43.0
74.0
35.0
56.0
27.0
43.0
32.0
23.0
48.0
51.0
61.0
33.0
35.0
30.0
22.0
26.0
30.0
48.0
52.0
17.0
33.0
23.0
79.0
30.0
96.0
34.0
20.0
19.0
32.0
18.0
22.0
50.0
24.0
52.0
39.0
17.0
39.0
26.0
32.0
67.0
38.0
88.0
34.0
13.0
18.0
42.0
56.0
56.0
70.0
42.0
27.0
55.0
45.0
21.0
45.0
61.0
23.0
73.0
68.0
35.0
52.0
21.0
85.0
37.0
87.0
20.0
44.0
80.0
44.0
37.0
39.0
33.0
26.0
37.0
24.0
27.0
26.0
28.0
47.0
63.0
31.0
35.0
19.0
28.0
59.0
30.0
35.0
61.0
27.0
84.0
85.0
73.0
38.0
29.0
44.0
36.0
17.0
82.0
67.0
49.0
49.0
21.0
18.0
19.0
70.0
28.0
80.0
23.0
85.0
34.0
28.0
94.0
43.0
52.0
95.0
34.0
28.0
35.0
43.0
25.0
53.0
47.0
56.0
36.0
34.0
37.0
50.0
39.0
36.0
16.0
70.0
23.0
72.0
60.0
46.0
44.0
30.0
46.0
38.0
51.0
27.0
36.0
84.0
61.0
20.0
52.0
77.0
34.0
57.0
53.0
54.0
79.0
38.0
55.0
31.0
28.0
54.0
36.0
71.0
60.0
77.0
61.0
77.0
42.0
58.0
34.0
33.0
47.0
38.0
33.0
82.0
76.0
30.0
40.0
54.0
37.0
22.0
49.0
17.0
22.0
16.0
39.0
19.0
58.0
55.0
76.0
29.0
23.0
29.0
42.0
49.0
28.0
37.0
55.0
17.0
30.0
62.0
55.0
19.0
27.0
13.0
27.0
32.0
97.0
73.0
22.0
56.0
74.0
53.0
31.0
25.0
35.0
30.0
78.0
28.0
28.0
24.0
33.0
55.0
73.0
47.0
77.0
31.0
37.0
19.0
66.0
84.0
35.0
33.0
46.0
70.0
19.0
67.0
58.0
78.0
52.0
71.0
58.0
45.0
56.0
79.0
78.0
26.0
64.0
87.0
54.0
31.0
77.0
33.0
69.0
54.0
32.0
27.0
52.0
41.0
34.0
81.0
29.0
57.0
22.0
69.0
69.0
19.0
67.0
78.0
87.0
43.0
48.0
25.0
17.0
39.0
51.0
58.0
44.0
30.0
40.0
33.0
26.0
46.0
48.0
48.0
62.0
54.0
21.0
78.0
90.0
49.0
27.0
52.0
35.0
34.0
27.0
44.0
31.0
57.0
57.0
56.0
30.0
54.0
19.0
45.0
47.0
48.0
18.0
51.0
42.0
52.0
47.0
82.0
75.0
42.0
49.0
33.0
37.0
50.0
31.0
21.0
60.0
51.0
67.0
20.0
39.0
52.0
17.0
45.0
21.0
35.0
75.0
24.0
42.0
79.0
65.0
59.0
27.0
43.0
51.0
73.0
21.0
45.0
31.0
65.0
42.0
22.0
40.0
44.0
51.0
45.0
52.0
15.0
54.0
49.0
48.0
49.0
59.0
31.0
27.0
80.0
64.0
37.0
64.0
27.0
52.0
48.0
31.0
44.0
40.0
49.0
11.0
22.0
42.0
17.0
62.0
48.0
53.0
28.0
32.0
18.0
32.0
34.0
15.0
70.0
21.0
69.0
13.0
67.0
58.0
32.0
48.0
37.0
46.0
48.0
60.0
33.0
65.0
36.0
34.0
38.0
56.0
49.0
54.0
39.0
47.0
35.0
18.0
50.0
24.0
14.0
39.0
31.0
32.0
30.0
36.0
77.0
39.0
46.0
34.0
24.0
24.0
15.0
40.0
44.0
38.0
17.0
34.0
69.0
89.0
41.0
39.0
52.0
39.0
27.0
57.0
14.0
82.0
49.0
63.0
72.0
79.0
22.0
50.0
45.0
23.0
53.0
63.0
28.0
85.0
73.0
75.0
48.0
39.0
56.0
48.0
24.0
52.0
31.0
28.0
32.0
60.0
59.0
17.0
52.0
49.0
48.0
44.0
68.0
57.0
38.0
39.0
36.0
36.0
43.0
45.0
20.0
81.0
55.0
41.0
35.0
34.0
